00745966
00745090
00745022
00744791
00741528
00741220
00739517
00737438
00736432
00735413
00735188
00733103
00732188
00731725
00731535
00731257
00731183
00730874
00730513
00729600
00729293
00728268
00728094
00727610
00727422
00727288
00724438
00723539
00723124
00722681
00719854
00718766
00717500
00711158
00711084
00710050
00710022
00709907
00709351
00707517
00706396
00706052
00704444
00704327
00704310
00702699
00702630
00701668
00701590
00701503
00701182
00700791
00690598
00689597
00688452
00687522
00687492
00686818
00685245
00685124
00684679
00684098
00683906
00683383
00683076
00682522
00682339
00682269
00682059
00680655
00680436
00680017
00679120
00678929
00677495
00676595
00676423
00675998
00675361
00674734
00674670
00673978
00672525
00672236
00671828
00671447
00671231
00671014
00670800
00670793
00669319
00668689
00668641
00668543
00667392
00666931
00666378
00666352
00665268
00664078
00663490
00663179
00663074
00662757
00662330
00662086
00661869
00661775
00661253
00661036
00660671
00657750
00657564
00657321
00657286
00656604
00655721
00655262
00655097
00654803
00654042
00653978
00653838
00652847
00652643
00652603
00652334
00651882
00650977
00650617
00650530
00650141
00649916
00649706
00649157
00648601
00648437
00646786
00646603
00644259
00643833
00642620
00642018
00641698
00640584
00639278
00639275
00638946
00638808
00637899
00637044
00636005
00635887
00635289
00635148
00634795
00634200
00633237
00633180
00632995
00632180
00631051
00630876
00630714
00630019
00629578
00629547
00629302
00627170
00627137
00624606
00623368
00623158
00622476
00622006
00621915
00621234
00621229
00620090
00619182
00618032
00618024
00617149
00617110
00616502
00616061
00615873
00615399
00614415
00614390
00614094
00613775
00613160
00612804
00611933
00611599
00610953
00610501
00609885
00609736
00607742
00605700
00605612
00604232
00603954
00603866
00603810
00603587
00603488
00603243
00602884
00602803
00602604
00602278
00602080
00601662
00601646
00601259
00601051
00600951
00599546
00599287
00599188
00599037
00598819
00598497
00598284
00597841
00597722
00596901
00596426
00595616
00595608
00595141
00594081
00592916
00592544
00592204
00591392
00591390
00590446
00590206
00589685
00589590
00586680
00586569
00585834
00585149
00585128
00584136
00583861
00583338
00582773
00582760
00582374
00582184
00582123
00580267
00579982
00579683
00579571
00578227
00577968
00576738
00576562
00576238
00575754
00575707
00574935
00573190
00572742
00572721
00572489
00572308
00571830
00571271
00570465
00569992
00568855
00568849
00566228
00565651
00565562
00565263
00564342
00563213
00562625
00559482
00559139
00559132
00559075
00558982
00558271
00557976
00557845
00557828
00557782
00557771
00557589
00557508
00557354
00557310
00557274
00556930
00556870
00556753
00556344
00555880
00555821
00555600
00555413
00555163
00555096
00554996
00554635
00554620
00553996
00553977
00553918
00553847
00553132
00552063
00551126
00550906
00550457
00548927
00548760
00548276
00547918
00547420
00547407
00546731
00544784
00544347
00544027
00542441
00541371
00541200
00540964
00540255
00540178
00539866
00539563
00539358
00538696
00537921
00537266
00537195
00536897
00536831
00536580
00536172
00535960
00535764
00535026
00534815
00534402
00534394
00533613
00533568
00533268
00533060
00532871
00531428
00531267
00531223
00531003
00530689
00530267
00530031
00529686
00529606
00529582
00529486
00529095
00529021
00528443
00528195
00526642
00526593
00526351
00525671
00525068
00524128
00522656
00522586
00522578
00522197
00520658
00519380
00519256
00519211
00519207
00519043
00518792
00518731
00518626
00518507
00518200
00517566
00517489
00517469
00517234
00516997
00515976
00515375
00515277
00515015
00514767
00514709
00514586
00512164
00512035
00512003
00511866
00511235
00510922
00510736
00510649
00510341
00509717
00509543
00509419
00509336
00509018
00508712
00508319
00508161
00507901
00507342
00507185
00506903
00506902
00506519
00506291
00506074
00506070
00505926
00505801
00505646
00505054
00504779
00504215
00503652
00503219
00502415
00501095
00500914
00458918
00458521
00458448
00458059
00457553
00457330
00456969
00456967
00456939
00456073
00455155
00454473
00453788
00453747
00453628
00452685
00451901
00451794
00451757
00451343
00451191
00451165
00450884
00450545
00449578
00449549
00449542
00449399
00449074
00448229
00446677
00446674
00445414
00445321
00445141
00445038
00444912
00444643
00444230
00443861
00442978
00442039
00441676
00441664
00441454
00441015
00440955
00440635
00440606
00440285
00438675
00437408
00437016
00436981
00436737
00436429
00436094
00435903
00435160
00434843
00434360
00434178
00433509
00433442
00433273
00433160
00433065
00432420
00431764
00431605
00431128
00430957
00430603
00430172
00430151
00430094
00429969
00429954
00429868
00429357
00426722
00426438
00426114
00425647
00425151
00424998
00424733
00424716
00424031
00423184
00423181
00422783
00421962
00421814
00421386
00421124
00420398
00420367
00420247
00419932
00419797
00419404
00416485
00416135
00416115
00416103
00416076
00414905
00414592
00412982
00412220
00412217
00412081
00411412
00411248
00382941
00382399
00380311
00379449
00378559
00378554
00377487
00377179
00375659
00375409
00375246
00374875
00374598
00374210
00373871
00373674
00373458
00373172
00371050
00370846
00370791
00362818
00362633
00361831
00361830
00361489
00359951
00359884
00359711
00359530
00359378
00358574
00358520
00358422
00357512
00357498
00357072
00356912
00356890
00356776
00355942
00355359
00355303
00355083
00354299
00353728
00353627
00353567
00353540
00352648
00352420
00352190
00352108
00351588
00351525
00350854
00350853
00350479
00350311
00350184
00349931
00349592
00349510
00349450
00349447
00348929
00348720
00348650
00348428
00348152
00348128
00346386
00345945
00345777
00345551
00345127
00344582
00342121
00341749
00341504
00340895
00339852
00339696
00339295
00338895
00338633
00338338
00338177
00337914
00337889
00337115
00337073
00336489
00335895
00335715
00335647
00335105
00334877
00334129
00334112
00333666
00333427
00333320
00332931
00332851
00332516
00332399
00331964
00331856
00331475
00331332
00331093
00330856
00326115
00325268
00324907
00324895
00324805
00324744
00324561
00323984
00323898
00323870
00323542
00321376
00319584
00319036
00319016
00318832
00318170
00318101
00318094
00317888
00317662
00317508
00316910
00316534
00316204
00315819
00315710
00315615
00315080
00313954
00313417
00313299
00313116
00313087
00312958
00312242
00312047
00311874
00311762
00311658
00311159
00310785
00310613
00310219
00309111
00309096
00309010
00308812
00308041
00307931
00307604
00306858
00306793
00306778
00306757
00306754
00306323
00305288
00305011
00304549
00304379
00303631
00303609
00303105
00302888
00302728
00302506
00301981
00301578
00299787
00297628
00297114
00296856
00296805
00296739
00296503
00295779
00295670
00295527
00295301
00294974
00294835
00294645
00294120
00293924
00293795
00293707
00293587
00292934
00292826
00292004
00291728
00291614
00291292
00290843
00290624
00287409
00287364
00287344
00287260
00287088
00286809
00286574
00286373
00285948
00285654
00285653
00284856
00284850
00283791
00283320
00282808
00282445
00282073
00282066
00282003
00281993
00280958
00280706
00279935
00279898
00279817
00279592
00279494
00278903
00278854
00278693
00277582
00277571
00277356
00276321
00276212
00276205
00275119
00275087
00273180
00272773
00271019
00263361
00261880
00261664
00261299
00261132
00259803
00259714
00258408
00257741
00255445
00255029
00254532
00252593
00252588
00251863
00251634
00243690
00241963
00241840
00240766
00239899
00238174
00238108
00236430
00235715
00235645
00234905
00234516
00232683
00232585
00232339
00231974
00231702
00231362
00231231
00230711
00230702
00230662
00230115
00229185
00228581
00228316
00228006
00227996
00226382
00224552
00224364
00223217
00222683
00222546
00222154
00221755
00221627
00220020
00219646
00219101
00218582
00217805
00217704
00214805
00213934
00213823
00213630
00213486
00213190
00213180
00211957
00211117
00210254
00210084
00209755
00209352
00209351
00208870
00208275
00208169
00208050
00207399
00207364
00207281
00206773
00206257
00205851
00205096
00203755
00202505
00202442
00202035
00201487
00201391
00200638
00192152
00192059
00191512
00191157
00181156
00181126
00180977
00180455
00180241
00180151
00179968
00178750
00177666
00177533
00177408
00176918
00176818
00176702
00176620
00176453
00175942
00175603
00174738
00173904
00173780
00172516
00171931
00164279
00164268
00163765
00163438
00163170
00163136
00162580
00160672
00159994
00159913
00158855
00158593
00157870
00156838
00156467
00156434
00155408
00155284
00155242
00154630
00154112
00153866
00153514
00152325
00152113
00151905
00151486
00151334
00151207
00151131
00150532
00150314
00150139
00148833
00148646
00148522
00148225
00147788
00147478
00146970
00146372
00146227
00146129
00145994
00145754
00145675
00145581
00143708
00132247
00131560
00130679
00130088
00118749
00118707
00118248
00117504
00116116
00115214
00115135
00114893
00114797
00114753
00114485
00114298
00113872
00113120
00112453
00111622
00111529
00111063
00107547
00106709
00106442
00106415
00106107
00106106
00104298
00103906
00103780
00103647
00102861
00100970
00100815
00100703
00100585
00100433
00100319